Strecke:
A B C D E F G H I J K L M N O P Q R S T U V W X Y Z a b c d e f g h i j k l m n o p q r s t u v w x y z

Abstaende:
3 8 10 4 9 10 25 6 8 6 2 4 11 7 9 13 8 17 20 4 12 7 9 7 6 3 11 2 4 18 6 12 4 5 7 9 12 13 10 20 13 29 8 9 21 19 3 11 5 7 13

Start Hinfahrt:
22

Anzahl Bahnhöfe : 52
Mindestdauer    : 549

Einfache Fahrt:
An        25    34    45    50    00    11    37    44    53    00    03    08    20    28    38    52    01    19    40    45    58    06    16    24    31    35    47    50    55    14    21    34    39    45    53    03    16    30    41    02    16    46    55    05    27    47    51    03    09    17    31    
Wa                                                                                                                                                                                                                                                                                                                         
Ab  22    26    35    46    51    01    12    38    45    54    01    04    09    21    29    39    53    02    20    41    46    59    07    17    25    32    36    48    51    56    15    22    35    40    46    54    04    17    31    42    03    17    47    56    06    28    48    52    04    10    18          
    A     B  x  C     D     E     F     G  x  H     I     J     K     L     M     N     O     P     Q     R     S  x  T     U     V     W     X     Y     Z     a     b     c     d     e     f  x  g     h     i     j     k     l     m     n     o     p  x  q     r  x  s     t     u     v     w     x     y     z     
Ab        38    29    18    13    03    52    26    19    10    03    00    55    43    35    25    11    02    44    23    18    05    57    47    39    32    28    16    13    08    49    42    29    24    18    10    00    47    33    22    01    47    17    08    58    36    16    12    00    54    46    32    
Wa                                                                                                                                                                                                                                                                                                                         
An  41    37    28    17    12    02    51    25    18    09    02    59    54    42    34    24    10    01    43    22    17    04    56    46    38    31    27    15    12    07    48    41    28    23    17    09    59    46    32    21    00    46    16    07    57    35    15    11    59    53    45          

Gesamtdauer Hinfahrt, Rückfahrt       : 549, 549
Summe Wartezeiten Hinfahrt, Rückfahrt : 0, 0
Summe Strafen                         : 0

Einseitiges Warten:
An        25    34    45    50    00    11    37    44    53    00    03    08    20    28    38    52    01    19    40    45    58    06    16    24    31    35    47    50    55    14    21    34    39    45    53    03    16    30    41    02    16    46    55    05    27    47    51    03    09    17    31    
Wa                                                                                                                                                                                                                                                                                                                         
Ab  22    26    35    46    51    01    12    38    45    54    01    04    09    21    29    39    53    02    20    41    46    59    07    17    25    32    36    48    51    56    15    22    35    40    46    54    04    17    31    42    03    17    47    56    06    28    48    52    04    10    18          
    A     B     C     D     E     F     G     H     I     J     K     L     M     N     O     P     Q     R     S     T     U     V     W     X     Y     Z     a     b     c     d     e     f     g     h     i     j     k     l     m     n     o     p     q     r     s     t     u     v     w     x     y     z     
Ab        06    57    46    33    23    12    38    17    08    01    54    49    37    29    07    53    38    20    41    12    59    43    33    25    04    00    48    39    34    15    48    35    08    02    54    30    17    53    42    03    17    47    16    06    28    48    16    04    54    46    32    
Wa                   (08)              (08)  (14)              (04)                    (12)        (06)        (18)  (24)        (08)              (14)              (06)              (20)        (22)              (14)        (10)        (18)  (32)        (22)        (16)  (20)  (28)        (04)                    
An  09    05    56    37    32    22    03    23    16    07    56    53    48    36    16    06    46    37    01    16    11    50    42    32    10    03    59    41    38    33    54    47    12    07    01    39    29    06    52    23    30    16    24    15    49    07    19    15    59    53    45          

Gesamtdauer Hinfahrt, Rückfahrt       : 549, 877
Summe Wartezeiten Hinfahrt, Rückfahrt : 0, 328
Summe Strafen                         : 107584

Beidseitiges Warten:
An        25    34    45    54    04    15    45    59    08    15    20    25    37    45    01    15    27    45    15    32    45    57    07    15    29    33    45    51    56    15    32    45    01    07    15    32    45    04    15    45    15    45    05    15    45    15    33    45    53    01    15    
Wa                   (04)              (04)  (07)              (02)                    (06)        (03)        (09)  (12)        (04)              (07)              (03)              (10)        (11)              (07)        (05)        (09)  (16)        (11)        (08)  (10)  (14)        (02)                    
Ab  22    26    35    50    55    05    20    53    00    09    18    21    26    38    52    02    19    28    55    28    33    50    58    08    23    30    34    49    52    57    26    33    57    02    08    23    33    51    05    25    02    16    57    06    24    56    30    34    48    54    02          
    A     B     C     D     E     F     G     H     I     J     K     L     M     N     O     P     Q     R     S     T     U     V     W     X     Y     Z     a     b     c     d     e     f     g     h     i     j     k     l     m     n     o     p     q     r     s     t     u     v     w     x     y     z     
Ab        06    57    46    37    27    16    46    32    23    16    11    06    54    46    30    16    04    46    16    59    46    34    24    16    02    58    46    40    35    16    59    46    30    24    16    59    46    27    16    46    16    46    26    16    46    16    58    46    38    30    16    
Wa                   (04)              (04)  (07)              (02)                    (06)        (03)        (09)  (12)        (04)              (07)              (03)              (10)        (11)              (07)        (05)        (09)  (16)        (11)        (08)  (10)  (14)        (02)                    
An  09    05    56    41    36    26    11    38    31    22    13    10    05    53    39    29    12    03    36    03    58    41    33    23    08    01    57    42    39    34    05    58    34    29    23    08    58    40    26    06    29    15    34    25    07    35    01    57    43    37    29          

Gesamtdauer Hinfahrt, Rückfahrt       : 713, 713
Summe Wartezeiten Hinfahrt, Rückfahrt : 164, 164
Summe Strafen                         : 53792

