Strecke:
A B C D E F G H I J K L M N O P Q R S T U V W X Y Z a b c d e f g h i j k l m n o p q r s t u v w x y z

Abstaende:
6 8 12 4 11 9 13 6 7 6 2 5 11 7 14 13 7 17 13 4 12 7 4 8 6 13 14 2 14 9 6 12 23 5 14 9 22 13 20 20 13 29 8 11 21 19 3 11 5 16 9

Start Hinfahrt:
6

Anzahl Bahnhöfe : 52
Mindestdauer    : 603

Einfache Fahrt:
An        12    21    34    39    51    01    15    22    30    37    40    46    58    06    21    35    43    01    15    20    33    41    46    55    02    16    31    34    49    59    06    19    43    49    04    14    37    51    12    33    47    17    26    38    00    20    24    36    42    59    09    
Wa                                                                                                                                                                                                                                                                                                                         
Ab  06    13    22    35    40    52    02    16    23    31    38    41    47    59    07    22    36    44    02    16    21    34    42    47    56    03    17    32    35    50    00    07    20    44    50    05    15    38    52    13    34    48    18    27    39    01    21    25    37    43    00          
    A  x  B     C     D     E     F     G  x  H     I     J     K  x  L     M     N     O     P     Q  x  R     S  x  T     U     V  x  W     X     Y     Z  x  a     b     c     d     e     f     g  x  h     i     j  x  k     l     m     n     o     p     q     r     s     t     u     v     w  x  x     y     z     
Ab        07    58    45    40    28    18    04    57    49    42    39    33    21    13    58    44    36    18    04    59    46    38    33    24    17    03    48    45    30    20    13    00    36    30    15    05    42    28    07    46    32    02    53    41    19    59    55    43    37    20    10    
Wa                                                                                                                                                                                                                                                                                                                         
An  13    06    57    44    39    27    17    03    56    48    41    38    32    20    12    57    43    35    17    03    58    45    37    32    23    16    02    47    44    29    19    12    59    35    29    14    04    41    27    06    45    31    01    52    40    18    58    54    42    36    19          

Gesamtdauer Hinfahrt, Rückfahrt       : 603, 603
Summe Wartezeiten Hinfahrt, Rückfahrt : 0, 0
Summe Strafen                         : 0

Einseitiges Warten:
An        12    21    34    39    51    01    15    22    30    37    40    46    58    06    21    35    43    01    15    20    33    41    46    55    02    16    31    34    49    59    06    19    43    49    04    14    37    51    12    33    47    17    26    38    00    20    24    36    42    59    09    
Wa                                                                                                                                                                                                                                                                                                                         
Ab  06    13    22    35    40    52    02    16    23    31    38    41    47    59    07    22    36    44    02    16    21    34    42    47    56    03    17    32    35    50    00    07    20    44    50    05    15    38    52    13    34    48    18    27    39    01    21    25    37    43    00          
    A     B     C     D     E     F     G     H     I     J     K     L     M     N     O     P     Q     R     S     T     U     V     W     X     Y     Z     a     b     c     d     e     f     g     h     i     j     k     l     m     n     o     p     q     r     s     t     u     v     w     x     y     z     
Ab        31    22    09    04    52    30    16    53    45    38    33    27    15    07    50    36    20    02    16    47    34    24    19    10    03    47    32    05    50    40    33    20    56    50    25    15    38    52    13    34    48    18    51    39    01    21    01    49    43    20    10    
Wa                               (12)        (16)              (02)                    (02)        (08)        (32)  (24)        (02)                    (02)        (24)                                      (10)        (14)  (32)  (18)  (18)  (32)        (18)        (16)  (20)  (16)              (06)              
An  37    30    21    08    03    39    29    59    52    44    35    32    26    14    04    49    27    19    29    51    46    31    23    18    09    00    46    07    04    49    39    32    19    55    39    24    00    05    33    54    01    47    59    50    22    40    04    00    48    36    19          

Gesamtdauer Hinfahrt, Rückfahrt       : 603, 927
Summe Wartezeiten Hinfahrt, Rückfahrt : 0, 324
Summe Strafen                         : 104976

Beidseitiges Warten:
An        12    21    34    39    51    07    21    36    44    51    55    01    13    21    37    51    03    21    51    08    21    30    35    44    51    06    21    36    51    01    08    21    45    51    11    21    51    21    51    21    51    21    39    51    21    51    02    14    20    37    47    
Wa                               (06)        (08)              (01)                    (01)        (04)        (16)  (12)        (01)                    (01)        (12)                                      (05)        (07)  (16)  (09)  (09)  (16)        (09)        (08)  (10)  (07)                                
Ab  06    13    22    35    40    58    08    30    37    45    53    56    02    14    23    38    56    04    38    04    09    23    31    36    45    53    07    34    37    52    02    09    22    46    57    12    29    08    31    01    38    52    31    40    00    32    59    03    15    21    38          
    A     B     C     D     E     F     G     H     I     J     K     L     M     N     O     P     Q     R     S     T     U     V     W     X     Y     Z     a     b     c     d     e     f     g     h     i     j     k     l     m     n     o     p     q     r     s     t     u     v     w     x     y     z     
Ab        31    22    09    04    52    36    22    07    59    52    48    42    30    22    06    52    40    22    52    35    22    13    08    59    52    37    22    07    52    42    35    22    58    52    32    22    52    22    52    22    52    22    04    52    22    52    40    28    22    05    55    
Wa                               (06)        (08)              (01)                    (01)        (04)        (16)  (12)        (01)                    (01)        (12)                                      (05)        (07)  (16)  (09)  (09)  (16)        (09)        (08)  (10)  (08)                                
An  37    30    21    08    03    45    35    13    06    58    50    47    41    29    20    05    47    39    05    39    34    20    12    07    58    50    36    09    06    51    41    34    21    57    46    31    14    35    12    42    05    51    12    03    43    11    43    39    27    21    04          

Gesamtdauer Hinfahrt, Rückfahrt       : 761, 762
Summe Wartezeiten Hinfahrt, Rückfahrt : 158, 159
Summe Strafen                         : 50245

